0.8557
0.8696
0.8051
0.8704
0.8576
0.8706
0.8722
0.929
0.9064
0.8682
0.8736
0.8564
0.9278
0.8632
0.8612
0.8479
0.8572
0.8282
0.8601
0.8608
0.8763
0.8394
0.8763
0.8384
0.8224
0.9334
0.8825
0.8485
0.8374
0.9256
0.87
0.8778
0.9331
0.8996
0.942
0.8828
0.8428
0.8171
0.8621
0.874
0.889
0.8517
0.8642
0.9326
0.8751
0.9074
0.8811
0.9351
0.8705
0.863
0.9042
0.8342
0.9271
0.8904
0.8632
0.875
0.8285
0.8637
0.8029
0.827
0.8637
0.9388
0.8651
0.8716
0.8644
0.9334
0.8725
0.83
0.8784
0.8858
0.8788
0.9108
0.8898
0.8599
0.9135
0.8206
0.826
0.8078
0.826
0.8206
0.8572
0.9574
0.9212
0.9224
0.8557
0.8768
0.8696
0.8665
0.8497
0.8031
0.8031
0.8632
0.9489
0.9476
0.8768
0.9318
0.9901
0.9563
1.009
0.8463
